  -4.4817300e-01
  -4.5727100e-01
  -4.5746300e-01
  -4.5113300e-01
  -4.8266100e-01
  -4.7738100e-01
  -5.1025100e-01
  -5.2919200e-01
  -5.2629700e-01
  -5.6045900e-01
  -4.8540800e-01
  -5.3402900e-01
  -5.4195400e-01
  -4.5161200e-01
  -5.4534300e-01
  -4.4839600e-01
  -5.5691300e-01
  -5.6131000e-01
  -5.5701700e-01
  -5.5167800e-01
  -5.5996700e-01
  -5.5418600e-01
  -5.5214500e-01
  -5.0982300e-01
  -5.7256700e-01
  -5.6377400e-01
  -5.5344700e-01
  -5.2363300e-01
  -5.2342000e-01
  -4.9319000e-01
  -4.8371800e-01
  -4.8730200e-01
  -4.8859400e-01
  -4.8512500e-01
  -5.4103500e-01
  -5.4834100e-01
  -5.5912400e-01
  -5.4949200e-01
  -5.5630700e-01
  -5.9986600e-01
  -5.3984000e-01
  -5.3386700e-01
  -5.7750900e-01
  -5.0145200e-01
  -5.8264100e-01
  -5.8271200e-01
  -5.7712200e-01
  -5.0146300e-01
  -5.8319000e-01
  -5.7494500e-01
  -5.7929900e-01
  -5.3129100e-01
  -6.0269100e-01
  -6.0535400e-01
  -5.3560500e-01
  -5.9006200e-01
  -5.6227600e-01
  -4.7435400e-01
  -4.5550500e-01
  -4.9933900e-01
  -4.8906800e-01
  -5.5305600e-01
  -5.4425400e-01
  -5.4044400e-01
  -5.3672600e-01
  -5.1890900e-01
  -5.1184700e-01
  -5.6563800e-01
  -5.5421200e-01
  -4.5356400e-01
  -4.5164800e-01
  -5.6170800e-01
  -5.6666400e-01
  -4.4803700e-01
  -5.6210900e-01
  -5.5886100e-01
  -5.5388500e-01
  -5.0831600e-01
  -5.7247900e-01
  -5.5945800e-01
  -5.0485500e-01
  -4.8488800e-01
  -4.7275100e-01
  -4.9294200e-01
  -4.7471200e-01
  -5.4837100e-01
  -5.6097800e-01
  -5.6458300e-01
  -5.4652100e-01
  -4.8735300e-01
  -5.6988200e-01
  -5.4181600e-01
  -5.4438900e-01
  -4.9329900e-01
  -4.9746100e-01
  -4.9959900e-01
  -5.8712500e-01
  -5.8909100e-01
  -4.9975300e-01
  -5.3738500e-01
  -6.2260000e-01
  -5.3520400e-01
  -5.3330400e-01
  -5.3897800e-01
  -6.2669400e-01
  -6.0534300e-01
  -5.8810700e-01
  -5.8413700e-01
  -5.9165100e-01
  -5.9225300e-01
  -5.6921300e-01
  -5.6398400e-01
  -4.4445200e-01
  -4.4449300e-01
  -4.4870200e-01
  -4.6157600e-01
  -4.7448000e-01
  -4.6873200e-01
  -4.6172600e-01
  -4.5395000e-01
  -4.5128200e-01
  -4.4624000e-01
  -4.4943000e-01
  -4.5615200e-01
  -5.0453400e-01
  -4.8950900e-01
  -4.7671200e-01
  -4.6880400e-01
  -4.6314900e-01
  -4.5587300e-01
  -4.5032800e-01
  -4.4697700e-01
  -4.5171800e-01
  -5.6782600e-01
  -5.5061600e-01
  -5.3145300e-01
  -5.1845700e-01
  -5.1212200e-01
  -5.0024700e-01
  -4.8852700e-01
  -4.7992500e-01
  -4.6979300e-01
  -4.6422800e-01
  -4.5741200e-01
  -4.4858000e-01
  -5.7520200e-01
  -5.4858400e-01
  -5.3701500e-01
  -5.2731500e-01
  -5.2086300e-01
  -4.9721500e-01
  -4.8818300e-01
  -4.7643000e-01
  -4.7160900e-01
  -4.6393300e-01
  -4.5312400e-01
  -4.4476100e-01
  -5.9194000e-01
  -5.8150200e-01
  -5.7151100e-01
  -5.5976400e-01
  -5.4741700e-01
  -5.3808600e-01
  -5.3084400e-01
  -5.1543800e-01
  -5.0646400e-01
  -4.9639400e-01
  -4.8638600e-01
  -4.7943700e-01
  -4.7215200e-01
  -4.6213600e-01
  -4.4690500e-01
  -5.9709300e-01
  -5.8659000e-01
  -5.7669400e-01
  -5.7076500e-01
  -5.5606100e-01
  -5.4808100e-01
  -5.4091000e-01
  -5.3598200e-01
  -5.2659100e-01
  -5.1697800e-01
  -5.0748200e-01
  -4.9415800e-01
  -4.8167000e-01
  -4.5936700e-01
  -5.9933300e-01
  -5.9062100e-01
  -5.8351100e-01
  -5.7601400e-01
  -5.6533900e-01
  -5.5543600e-01
  -5.4521600e-01
  -5.3586300e-01
  -5.2240300e-01
  -5.1546500e-01
  -5.0589200e-01
  -4.9961700e-01
  -4.9131900e-01
  -4.7979800e-01
  -4.7076100e-01
  -5.9624600e-01
  -5.9168300e-01
  -5.8918800e-01
  -5.7364400e-01
  -5.4910100e-01
  -5.3223900e-01
  -5.1786500e-01
  -5.1109500e-01
  -5.0899800e-01
  -4.9927600e-01
  -4.7940000e-01
  -6.0706200e-01
  -6.0244900e-01
  -5.9888000e-01
  -5.8625800e-01
  -5.7237900e-01
  -5.6084200e-01
  -5.4784000e-01
  -5.4170000e-01
  -5.2602800e-01
  -5.1769400e-01
  -5.1814700e-01
  -5.0328200e-01
  -4.8586100e-01
  -6.1507200e-01
  -6.0832200e-01
  -6.0325200e-01
  -5.9073800e-01
  -5.6705300e-01
  -5.5737500e-01
  -5.4712900e-01
  -5.3663500e-01
  -5.2608500e-01
  -5.2498100e-01
  -5.1507500e-01
  -4.9604300e-01
  -6.2174800e-01
  -6.1381400e-01
  -6.0621100e-01
  -5.9636400e-01
  -5.6530700e-01
  -5.5088500e-01
  -5.4319500e-01
  -5.3818800e-01
  -5.3390900e-01
  -6.2153200e-01
  -6.1479200e-01
  -6.0861800e-01
  -5.7353000e-01
  -5.6248900e-01
  -5.5106400e-01
  -5.4190700e-01
  -6.3467300e-01
  -6.2666500e-01
  -6.1711100e-01
  -6.1035800e-01
  -6.0082300e-01
  -5.8039600e-01
   3.5497000e-02
   1.4174100e-01
   1.3394800e-01
   2.3296600e-01
   4.8012100e-01
   4.5242100e-01
   1.8212600e-01
  -2.3819000e-02
  -6.3528500e-01
  -6.3238600e-01
  -6.3505600e-01
  -9.7642300e-01
  -9.8927000e-01
  -9.9107500e-01
  -9.8938400e-01
  -7.9633000e-01
  -8.4207800e-01
  -6.2979600e-01
  -6.2914800e-01
  -6.3026400e-01
  -7.5821800e-01
  -7.4524900e-01
  -8.1374400e-01
  -7.8203600e-01
  -8.0814200e-01
  -9.2684200e-01
  -6.6942000e-01
  -6.7649900e-01
  -6.8723200e-01
  -6.9400200e-01
  -7.3589600e-01
  -7.7872300e-01
  -9.2667300e-01
  -9.9732700e-01
  -1.0041240e+00
  -1.0387000e+00
  -1.1225840e+00
  -1.1425540e+00
  -7.0093300e-01
  -7.1129700e-01
  -7.1415200e-01
  -7.5214100e-01
  -6.7793500e-01
  -1.0491840e+00
  -6.4690400e-01
  -6.4967800e-01
  -6.5606700e-01
  -7.5232800e-01
  -6.5539400e-01
  -6.8485900e-01
  -7.3469200e-01
  -9.7757900e-01
  -1.0526370e+00
  -1.0677100e+00
  -1.0841740e+00
  -1.2762270e+00
  -1.2945930e+00
  -9.9800200e-01
  -1.0237590e+00
  -1.0476780e+00
  -1.0799110e+00
  -1.2799030e+00
  -1.2987560e+00
  -1.3239990e+00
  -1.3499210e+00
  -1.1856900e+00
  -1.2122580e+00
  -1.3014450e+00
  -1.3216160e+00
  -1.2161310e+00
  -1.3104230e+00
  -1.3453370e+00
  -1.2378070e+00
  -1.2559810e+00
  -1.2411430e+00
  -1.2635990e+00
  -6.5784200e-01
  -6.6064300e-01
  -6.3453200e-01
  -6.4873900e-01
  -6.2281100e-01
  -6.2958100e-01
  -6.3013800e-01
  -6.8344800e-01
  -1.3108200e+00
  -1.3546380e+00
  -1.3952800e+00
  -1.3129640e+00
  -1.3504720e+00
  -1.3953140e+00
  -1.3164120e+00
  -1.3513480e+00
  -6.7828900e-01
  -1.3221170e+00
  -1.3568160e+00
  -6.3305200e-01
  -9.9248100e-01
  -6.3003100e-01
  -6.3237100e-01
  -6.2879200e-01
  -5.9514100e-01
  -6.0765000e-01
  -6.0840900e-01
  -6.0611400e-01
  -6.2638300e-01
  -6.5050100e-01
  -1.1865940e+00
  -1.2325460e+00
  -1.2565220e+00
  -5.7280800e-01
  -6.0004200e-01
  -5.9750200e-01
  -1.0516020e+00
  -5.9154800e-01
  -5.9460000e-01
  -6.4645600e-01
  -6.4804000e-01
  -1.2255560e+00
  -1.0478160e+00
  -1.1784710e+00
  -8.7549100e-01
  -8.9327600e-01
  -1.1791620e+00
  -1.0709820e+00
  -8.8287100e-01
  -8.8531600e-01
  -9.7409800e-01
  -1.0341560e+00
  -1.1612420e+00
  -9.9129600e-01
  -1.1734540e+00
  -9.9354700e-01
  -1.1701610e+00
  -9.9892600e-01
  -1.0999390e+00
  -1.0755580e+00
  -1.0894170e+00
  -1.0927090e+00
  -9.9039900e-01
  -9.8323700e-01
  -9.5057400e-01
  -7.7306500e-01
  -7.8908200e-01
  -9.5076100e-01
  -9.6139500e-01
  -9.6384500e-01
  -9.6338900e-01
  -7.5407300e-01
  -9.0319800e-01
  -9.0828100e-01
  -7.4945000e-01
  -6.5818800e-01
  -6.6449000e-01
  -6.7023400e-01
   2.4034500e-01
   2.6433300e-01
  -6.9051400e-01
  -7.0133500e-01
   1.3489500e-01
   1.1237000e-01
   9.1615000e-02
   7.8454000e-02
   1.3452200e-01
   1.0142200e-01
   6.8511000e-02
   5.2107000e-02
   1.1935400e-01
   8.0931000e-02
   4.8892000e-02
   3.9487000e-02
   1.0089700e-01
   7.9176000e-02
   5.7997000e-02
   3.4605000e-02
  -5.0961400e-01
  -5.2007200e-01
  -4.7121100e-01
  -4.9972400e-01
  -4.9823900e-01
   3.9968200e-01
   2.3726300e-01
  -3.1592000e-02
  -6.3157800e-01
  -9.7190600e-01
  -8.0665700e-01
  -6.3049400e-01
  -7.5084400e-01
   7.5809900e-01
  -7.9578200e-01
  -9.1113600e-01
  -1.0657190e+00
   7.4598200e-01
  -1.2339100e+00
  -1.2357420e+00
  -1.0070360e+00
  -1.0234160e+00
  -1.0012980e+00
  -7.0427300e-01
  -7.5297100e-01
  -7.5069700e-01
  -7.5625600e-01
  -1.0910700e+00
  -7.3182300e-01
  -7.4028300e-01
  -1.0582000e+00
  -1.0941220e+00
  -7.6370400e-01
  -1.0660410e+00
  -1.1041860e+00
  -6.5535600e-01
  -7.0061800e-01
  -7.6710100e-01
  -1.0844230e+00
  -1.1172190e+00
  -1.1003780e+00
  -1.1323090e+00
  -1.3409660e+00
  -1.0152130e+00
  -1.0570680e+00
  -1.1037680e+00
  -1.1441620e+00
  -1.2917480e+00
  -1.0980810e+00
  -1.1572080e+00
  -1.2589240e+00
  -1.1057120e+00
  -1.1652040e+00
  -1.2236870e+00
  -1.2742790e+00
  -1.3261780e+00
  -1.2336980e+00
  -1.2869750e+00
  -1.3028160e+00
  -1.2625020e+00
  -1.3234480e+00
  -1.2719120e+00
  -1.3413290e+00
  -7.1514700e-01
  -7.1321100e-01
  -7.1237200e-01
  -6.3254800e-01
  -6.3586800e-01
  -1.3176260e+00
  -1.4092030e+00
  -6.2355100e-01
  -6.2356400e-01
  -6.3375600e-01
  -6.9398600e-01
  -7.1157300e-01
  -1.3260320e+00
  -1.4112920e+00
  -6.2196200e-01
  -6.3271100e-01
  -9.7263300e-01
  -6.2584300e-01
  -6.3761200e-01
  -9.7190400e-01
  -6.7990200e-01
  -1.1103220e+00
  -1.1562180e+00
  -1.3400710e+00
  -6.8236400e-01
  -1.1099320e+00
  -1.1631090e+00
  -1.3408360e+00
  -5.7653100e-01
  -6.0344700e-01
  -6.7602100e-01
  -1.0568540e+00
  -5.7268500e-01
  -6.2667400e-01
  -6.7590200e-01
  -1.2254410e+00
  -9.0707500e-01
  -9.1813900e-01
  -1.0496430e+00
  -1.0074320e+00
  -1.0532090e+00
  -1.1750180e+00
  -1.0139970e+00
  -1.0423380e+00
  -1.0022700e+00
  -1.0857920e+00
  -9.9927400e-01
  -2.2449700e-01
  -7.8010500e-01
  -9.4955300e-01
  -9.5859200e-01
  -7.5357400e-01
   2.5055800e-01
   2.0967300e-01
   1.7449900e-01
   1.4957100e-01
   1.7634100e-01
   1.5150000e-01
   1.2865900e-01
  -5.0439700e-01
  -5.1448600e-01
   1.5007900e-01
  -3.6442000e-02
  -6.3151300e-01
   7.0312300e-01
  -8.1014800e-01
  -8.5472400e-01
   6.9628700e-01
   6.8076500e-01
   6.6935300e-01
  -1.2308990e+00
   6.3855000e-01
   5.3036900e-01
   4.2813200e-01
   7.2458600e-01
   6.0607300e-01
   5.1061600e-01
   4.0207800e-01
  -8.5062000e-01
  -8.9035000e-01
  -9.6700700e-01
   6.7951800e-01
   5.7221200e-01
   4.7943100e-01
   3.7540300e-01
  -8.5900300e-01
  -9.0271000e-01
  -9.7134900e-01
  -1.0337580e+00
   6.2827300e-01
   5.2826500e-01
   4.4099500e-01
   3.4927600e-01
  -8.6587400e-01
  -9.1430800e-01
  -9.8339100e-01
  -1.0426130e+00
  -8.7192000e-01
  -9.2878400e-01
  -9.8840300e-01
  -1.0702660e+00
  -6.4446800e-01
  -6.6229200e-01
  -8.7875300e-01
  -9.3594500e-01
  -9.9392500e-01
  -7.1771300e-01
  -8.8718600e-01
  -9.3933900e-01
  -1.0038790e+00
  -1.2137150e+00
   2.6954900e-01
   2.1175000e-01
  -1.0362290e+00
   2.4044300e-01
   1.9239600e-01
  -1.0481760e+00
  -1.1544130e+00
   3.9929400e-01
  -1.0576580e+00
  -1.1713570e+00
   3.6788300e-01
  -1.0707590e+00
  -1.1851360e+00
  -1.3265490e+00
   3.2508800e-01
  -1.0766690e+00
  -1.2014080e+00
  -1.3532980e+00
   2.9862000e-01
  -6.0791700e-01
  -9.5137200e-01
  -1.0171720e+00
  -1.1046940e+00
  -1.2165090e+00
  -6.1188000e-01
  -7.0460000e-01
  -1.0242430e+00
  -1.1232750e+00
  -1.2412750e+00
  -5.6955700e-01
  -5.8920800e-01
  -6.1543100e-01
  -6.3004100e-01
  -7.0091400e-01
  -1.2471800e+00
  -5.6849100e-01
  -6.9930100e-01
  -1.1365980e+00
  -8.3929200e-01
  -8.8788500e-01
  -1.1363650e+00
  -8.3257500e-01
  -1.1261120e+00
  -1.1145390e+00
  -1.1178220e+00
  -1.0322540e+00
  -1.0242130e+00
  -7.9169400e-01
  -1.0030390e+00
   2.5065000e-01
  -6.5879900e-01
   2.1667600e-01
   2.1198600e-01
   1.3249400e-01
   8.3117000e-02
   1.8226500e-01
   1.1491100e-01
   5.9315000e-02
   2.7244000e-02
   1.3249900e-01
   7.9075000e-02
   3.7603000e-02
  -1.0442000e-02
  -4.8441600e-01
  -5.5468300e-01
  -6.0147400e-01
  -6.6562600e-01
  -7.4342300e-01
  -2.4692100e-01
  -2.4310400e-01
  -2.4537100e-01
  -2.5264900e-01
  -2.6947400e-01
  -2.3272900e-01
   2.9683900e-01
   7.5871000e-02
   2.3643000e-02
  -8.0819000e-02
  -2.6040500e-01
  -2.6385900e-01
   4.8864100e-01
   3.2037400e-01
   1.8045800e-01
   8.6874000e-02
   1.6238000e-02
  -2.4334800e-01
   5.2853800e-01
   3.3218800e-01
   1.8639600e-01
   8.8886000e-02
   1.3511000e-02
  -2.5343900e-01
  -9.0338200e-01
   5.3361200e-01
   3.2935500e-01
   1.8478900e-01
   8.7265000e-02
   1.7460000e-03
  -8.2878600e-01
   5.1060200e-01
   3.1320200e-01
   1.7470800e-01
   8.6975000e-02
  -1.0416000e-02
  -7.7099600e-01
  -8.5658500e-01
  -9.8442300e-01
  -1.1160830e+00
   2.8873200e-01
   1.5692600e-01
  -8.1591900e-01
  -1.1587870e+00
   2.4618500e-01
   1.3137100e-01
  -6.5301600e-01
  -8.0968500e-01
  -1.1947250e+00
   5.1805600e-01
   3.4902100e-01
   2.0962500e-01
   1.0470600e-01
   2.5193000e-02
  -3.4874000e-02
  -8.1639100e-01
  -1.2297680e+00
   4.3219400e-01
   2.9106800e-01
   1.6713900e-01
   7.6839000e-02
   2.3500000e-03
  -5.0045000e-02
  -5.7899100e-01
  -6.1169500e-01
  -8.2341800e-01
  -9.2875500e-01
   3.6109200e-01
  -5.7986900e-01
  -6.1567600e-01
  -8.3659500e-01
  -9.4485300e-01
   2.8914900e-01
   1.8443900e-01
  -5.8385200e-01
  -6.1859900e-01
  -7.5670500e-01
  -8.4981200e-01
  -9.6699700e-01
   2.3438800e-01
   1.3669200e-01
  -5.7969600e-01
  -7.5675400e-01
  -8.5649800e-01
   2.8458200e-01
   1.8482200e-01
   9.3365000e-02
  -7.5937200e-01
  -8.5727100e-01
   2.2803600e-01
   1.3982800e-01
   5.2871000e-02
  -5.7585300e-01
  -6.1913800e-01
  -6.8763500e-01
  -7.5810200e-01
   1.7986900e-01
   1.0282500e-01
   1.3171000e-02
  -8.4395500e-01
  -8.2634300e-01
  -6.6095800e-01
  -7.3221700e-01
   2.2251100e-01
   1.1078100e-01
  -2.1267600e-01
  -3.0580000e-01
  -6.4541000e-01
  -7.0295300e-01
   1.8550000e-01
   8.7679000e-02
  -2.3090200e-01
  -2.4417800e-01
   2.2730200e-01
   1.4840600e-01
   5.4001000e-02
  -1.6318000e-02
  -8.2004000e-02
   1.7480800e-01
   9.1933000e-02
   1.5911000e-02
  -5.0672000e-02
  -1.0550300e-01
  -3.0712200e-01
  -6.1881100e-01
   1.3802400e-01
  -6.2140800e-01
  -5.0759700e-01
  -5.6886400e-01
  -6.2013800e-01
  -4.8340000e-02
  -1.1014200e-01
  -5.0117800e-01
  -5.7378900e-01
  -6.7073100e-01
   2.1662000e-02
  -4.4869000e-02
  -1.0789900e-01
  -1.5972200e-01
  -3.1353000e-02
  -6.2521000e-02
  -1.1684300e-01
  -4.7611800e-01
  -8.6899000e-02
  -1.2570500e-01
  -1.5900500e-01
  -4.5153800e-01
  -1.0836400e-01
  -1.4421500e-01
  -2.3117700e-01
  -2.6170000e-01
  -3.1736100e-01
  -1.8213800e-01
  -2.0474300e-01
  -2.6617100e-01
  -2.8854100e-01
  -3.2560600e-01
  -2.5145500e-01
  -2.6466500e-01
  -3.2310700e-01
  -3.1111500e-01
  -3.6712000e-01
  -3.6679600e-01
  -4.6867800e-01
  -4.6017800e-01
  -3.8867600e-01
  -3.6720400e-01
  -3.5332000e-01
  -4.5536300e-01
  -4.1088700e-01
  -3.6511200e-01
  -3.6087000e-01
  -3.6314600e-01
  -4.4649100e-01
  -4.2121500e-01
  -3.9551200e-01
  -3.6864700e-01
  -3.4923600e-01
  -4.3742300e-01
  -4.3062800e-01
  -4.3368700e-01
  -3.9765800e-01
  -3.7185600e-01
  -3.5303500e-01
  -3.8268200e-01
  -3.7862600e-01
  -3.4217500e-01
  -3.9411400e-01
  -3.8360700e-01
  -4.5383300e-01
  -4.6268200e-01
  -3.8760400e-01
  -3.4092500e-01
  -4.7412400e-01
  -4.6789000e-01
  -4.4588000e-01
  -3.7599800e-01
  -3.6000200e-01
  -3.6259300e-01
  -3.6623800e-01
  -4.5697900e-01
  -4.2085900e-01
  -4.1423500e-01
  -4.7487000e-01
  -4.3808500e-01
  -4.1778000e-01
  -4.4337700e-01
  -4.1843200e-01
  -4.1468000e-01
  -2.4767600e-01
  -2.5097200e-01
  -2.4177800e-01
  -2.3703700e-01
  -1.1850600e-01
  -2.5394600e-01
  -2.4906600e-01
  -2.3781800e-01
  -5.9173000e-02
  -1.2653500e-01
  -2.5544700e-01
  -4.8426700e-01
  -5.1629400e-01
  -7.1567000e-02
  -1.3423400e-01
  -2.6128500e-01
  -2.6601200e-01
  -5.5318800e-01
  -5.8660500e-01
  -6.8036400e-01
   3.6511000e-02
  -8.7376000e-02
  -1.4778800e-01
  -5.5220700e-01
  -5.9875300e-01
  -1.0528400e-01
  -1.6310000e-01
  -5.5035800e-01
  -7.2082800e-01
   7.1446000e-02
  -4.8403000e-02
  -5.4625800e-01
   1.1589000e-02
  -8.4975000e-02
  -4.6984800e-01
  -4.9140400e-01
  -5.3734300e-01
  -3.6733000e-02
  -1.1946500e-01
  -1.7970600e-01
  -2.2177400e-01
  -4.6240800e-01
  -4.9099100e-01
  -5.2765900e-01
  -5.9092900e-01
  -7.1843400e-01
   1.9659700e-01
   3.3448000e-02
  -7.6417000e-02
  -1.4987000e-01
  -2.0085900e-01
  -2.4516700e-01
  -5.1204100e-01
  -5.7508800e-01
  -6.8310000e-03
  -1.1429100e-01
  -1.8181800e-01
  -2.5862900e-01
  -4.9172800e-01
  -5.5846800e-01
  -6.4857000e-01
  -1.5275600e-01
  -2.1095300e-01
  -2.5336700e-01
  -2.7582800e-01
  -2.8707100e-01
  -4.7416200e-01
  -5.4236900e-01
  -7.9280000e-03
  -1.2411500e-01
  -1.9966000e-01
  -2.3802300e-01
  -3.0729400e-01
  -4.5776900e-01
  -1.9267300e-01
  -2.4176100e-01
  -2.6608500e-01
  -4.4872200e-01
  -1.9731700e-01
  -2.5140900e-01
  -3.1625900e-01
  -3.1786800e-01
  -3.0661000e-01
  -2.1371000e-01
  -2.9732300e-01
  -3.3363100e-01
  -3.3301500e-01
  -3.2256000e-01
  -3.0361400e-01
  -3.2081600e-01
  -3.3651200e-01
  -3.4265800e-01
  -3.4871600e-01
  -4.1731200e-01
  -3.8169700e-01
  -3.7170300e-01
  -3.6449400e-01
  -3.6668500e-01
  -3.7126000e-01
  -3.6648100e-01
  -4.6834700e-01
  -4.7302200e-01
  -3.8025200e-01
  -3.7587500e-01
  -4.7473900e-01
  -4.6267900e-01
  -3.9339700e-01
  -3.8887200e-01
  -3.3245000e-01
  -4.3726300e-01
  -4.5609400e-01
  -4.0495200e-01
  -3.3786200e-01
  -4.1344000e-01
  -3.9882800e-01
  -4.7886400e-01
  -4.6893700e-01
  -4.6263600e-01
  -4.2397200e-01
  -4.1906700e-01
  -4.6640900e-01
  -4.3820900e-01
  -4.2580000e-01
  -4.2241900e-01
  -4.6601400e-01
  -4.6458100e-01
  -1.7715700e-01
  -2.1592400e-01
  -2.4250100e-01
  -2.4955200e-01
  -2.4406900e-01
  -5.6788200e-01
  -1.8546400e-01
  -2.3239800e-01
  -2.5288900e-01
  -2.6320200e-01
  -2.6271700e-01
  -2.5787200e-01
  -2.4955500e-01
  -4.8780400e-01
  -2.0911200e-01
  -2.5017500e-01
  -2.6217300e-01
  -2.7299800e-01
  -2.7458300e-01
  -2.7564800e-01
  -2.6776900e-01
  -2.6290900e-01
  -4.7564300e-01
  -1.6558000e-01
  -2.3394700e-01
  -2.6534000e-01
  -2.7742100e-01
  -2.8762700e-01
  -2.8909800e-01
  -2.8946400e-01
  -2.8267200e-01
  -2.7198200e-01
  -2.5944100e-01
  -2.7799000e-01
  -2.8683200e-01
  -2.9935000e-01
  -2.9781200e-01
  -3.0131300e-01
  -2.8998800e-01
  -2.8216900e-01
  -4.5593100e-01
  -2.7906400e-01
  -2.9444400e-01
  -2.9870400e-01
  -3.0976100e-01
  -3.1357500e-01
  -3.0555900e-01
  -2.9312900e-01
  -4.4149400e-01
  -2.8621600e-01
  -3.0154100e-01
  -3.0929200e-01
  -3.1788200e-01
  -3.1468700e-01
  -3.2033700e-01
  -3.0976200e-01
  -3.0261300e-01
  -2.9738000e-01
  -4.4024500e-01
  -3.0254200e-01
  -3.2114500e-01
  -3.2647600e-01
  -3.2604800e-01
  -3.2603200e-01
  -3.2388300e-01
  -3.2618800e-01
  -3.1400500e-01
  -4.5430600e-01
  -3.5716100e-01
  -3.5490000e-01
  -3.4392400e-01
  -3.4485800e-01
  -3.3844400e-01
  -3.3775700e-01
  -3.3717800e-01
  -3.2731000e-01
  -4.2260900e-01
  -4.1635400e-01
  -4.0310400e-01
  -3.6405800e-01
  -3.5304300e-01
  -3.4706600e-01
  -3.3530700e-01
  -3.1970000e-01
  -4.6595600e-01
  -4.5615900e-01
  -4.4285900e-01
  -4.2769800e-01
  -4.1150500e-01
  -3.7549800e-01
  -3.6867000e-01
  -3.6057700e-01
  -3.5352100e-01
  -3.3060000e-01
  -4.7417400e-01
  -4.5934700e-01
  -4.4505500e-01
  -4.2865400e-01
  -3.8414700e-01
  -3.6984800e-01
  -4.8348000e-01
  -4.6759700e-01
  -4.9045600e-01
  -4.8367000e-01
  -2.0122700e-01
  -2.0768300e-01
  -2.3030900e-01
  -2.3031200e-01
  -2.6199900e-01
  -2.6100300e-01
  -3.3342100e-01
  -3.2969600e-01
  -3.3155400e-01
  -3.3061500e-01
  -2.9680200e-01
  -2.9459600e-01
  -2.8208500e-01
  -2.9922500e-01
  -2.7827200e-01
  -2.9433400e-01
  -3.0461500e-01
  -3.0205900e-01
  -2.8697900e-01
  -3.0487800e-01
  -2.9834900e-01
  -2.8920900e-01
  -2.9689500e-01
  -2.9436900e-01
  -2.9104300e-01
  -3.1091800e-01
  -3.0804500e-01
  -3.0203800e-01
  -3.5364900e-01
  -3.5073300e-01
  -3.5579800e-01
  -3.6042000e-01
  -3.4793600e-01
  -3.4069500e-01
  -3.4361300e-01
  -3.5572800e-01
  -3.4336800e-01
  -3.3847200e-01
  -3.3077700e-01
  -3.1532500e-01
  -3.9711700e-01
  -3.6219000e-01
  -4.0094200e-01
  -3.6635800e-01
  -3.5907900e-01
  -3.7024700e-01
  -3.6470400e-01
  -3.5275500e-01
  -3.3083700e-01
  -4.0396300e-01
  -3.5773400e-01
  -3.8505000e-01
  -3.8019000e-01
  -3.6658100e-01
  -3.2831500e-01
  -4.0765800e-01
  -3.6008800e-01
  -3.7654300e-01
  -3.7024000e-01
  -3.1927400e-01
  -3.3038200e-01
  -3.4929600e-01
  -3.4486600e-01
  -3.4407900e-01
  -3.4709700e-01
  -3.4187900e-01
  -4.0699500e-01
  -3.9614100e-01
  -3.6781900e-01
  -4.0571600e-01
  -4.0835000e-01
  -4.0030000e-01
  -3.9834000e-01
  -4.0639400e-01
  -3.8141100e-01
  -3.7842400e-01
  -4.1271200e-01
  -4.0146000e-01
  -4.2429600e-01
  -4.1243300e-01
  -3.5854100e-01
  -3.6315900e-01
  -4.2205900e-01
  -4.1004500e-01
  -3.6785400e-01
  -3.6436000e-01
  -4.0002500e-01
  -4.3084200e-01
  -4.3210200e-01
  -4.3228400e-01
  -4.2798900e-01
  -4.0031200e-01
  -3.7121600e-01
  -4.5090600e-01
  -4.3211800e-01
  -4.3182700e-01
  -4.3931300e-01
  -4.1337700e-01
  -4.0975500e-01
  -4.0531600e-01
  -4.0314800e-01
  -4.3727900e-01
  -4.0846100e-01
  -3.6035000e-01
  -4.3123700e-01
  -4.3145600e-01
  -2.2383100e-01
  -2.2514800e-01
  -2.6292900e-01
  -3.2627300e-01
  -3.1630100e-01
  -2.9392200e-01
  -3.0549500e-01
  -3.0497800e-01
  -3.0809800e-01
  -2.7538500e-01
  -2.7260200e-01
  -3.0601200e-01
  -2.7828700e-01
  -2.7501100e-01
  -3.5462900e-01
  -3.4066900e-01
  -3.3837300e-01
  -3.3605600e-01
  -3.2661400e-01
  -2.8857900e-01
  -2.9035700e-01
  -3.5761600e-01
  -3.4691300e-01
  -3.3946200e-01
  -2.9763100e-01
  -2.9043500e-01
  -3.3038300e-01
  -3.2614100e-01
  -3.3304300e-01
  -3.2978100e-01
  -3.2563000e-01
  -3.6583800e-01
  -3.6257600e-01
  -3.3441900e-01
  -3.2459800e-01
  -3.3210500e-01
  -3.3992100e-01
  -3.4568100e-01
  -4.0280800e-01
  -3.9364600e-01
  -3.6358100e-01
  -3.6098400e-01
  -3.6740900e-01
  -4.0176700e-01
  -3.5842300e-01
  -3.5200800e-01
  -3.5856500e-01
  -4.4300300e-01
  -4.2464200e-01
  -4.1678200e-01
  -3.6899500e-01
  -4.3948300e-01
  -4.1032600e-01
  -3.5737600e-01
  -3.5998700e-01
  -4.4471100e-01
  -4.3274600e-01
  -4.3556500e-01
  -2.1553300e-01
  -2.1205200e-01
  -2.5140200e-01
  -2.4518700e-01
  -2.4013400e-01
  -2.4053600e-01
  -2.3061100e-01
  -2.2931000e-01
  -2.3375200e-01
  -3.0658200e-01
  -2.9546600e-01
  -2.8475100e-01
  -2.7920100e-01
  -2.6942400e-01
  -2.6518400e-01
  -2.5802000e-01
  -2.5414700e-01
  -2.5334800e-01
  -2.4324300e-01
  -2.4103600e-01
  -2.4897300e-01
  -3.5532500e-01
  -3.4540900e-01
  -3.3889700e-01
  -3.2892200e-01
  -3.2041400e-01
  -3.0744300e-01
  -2.9331400e-01
  -2.7986200e-01
  -2.7302100e-01
  -2.6733800e-01
  -2.6594200e-01
  -2.5923500e-01
  -2.5450400e-01
  -2.5939600e-01
  -3.6616600e-01
  -3.5575600e-01
  -3.4755500e-01
  -3.4427600e-01
  -3.3301600e-01
  -3.2085600e-01
  -2.9597000e-01
  -2.8620200e-01
  -2.8036700e-01
  -2.7817500e-01
  -2.7086700e-01
  -2.7581400e-01
  -3.7865300e-01
  -3.6833300e-01
  -3.5954800e-01
  -3.2329000e-01
  -3.1670200e-01
  -3.0815000e-01
  -2.9783000e-01
  -2.9597700e-01
  -2.8589900e-01
  -2.8544600e-01
  -2.9207400e-01
  -3.9042100e-01
  -3.8178800e-01
  -3.7343600e-01
  -3.6378600e-01
  -3.5500600e-01
  -3.5216300e-01
  -3.3787700e-01
  -3.1052100e-01
  -3.0392500e-01
  -3.0050100e-01
  -2.9871300e-01
  -2.9919700e-01
  -3.1056400e-01
  -3.9677500e-01
  -3.8872400e-01
  -3.7736400e-01
  -3.6957400e-01
  -3.4457300e-01
  -3.2706800e-01
  -3.2192700e-01
  -3.1563600e-01
  -3.1325200e-01
  -3.1946100e-01
  -3.1459700e-01
  -4.0975800e-01
  -4.0146000e-01
  -3.9327000e-01
  -3.8467000e-01
  -3.7149000e-01
  -3.4081500e-01
  -3.3372600e-01
  -3.2817100e-01
  -3.3188000e-01
  -3.2711800e-01
  -3.4120900e-01
  -4.2238000e-01
  -4.1501000e-01
  -4.0501700e-01
  -3.8905200e-01
  -3.8169900e-01
  -3.5204400e-01
  -3.4348500e-01
  -3.4129100e-01
  -3.4392300e-01
  -3.3638900e-01
  -3.5665200e-01
  -4.3507700e-01
  -4.2960000e-01
  -4.2009300e-01
  -4.0003300e-01
  -3.9285200e-01
  -3.6588900e-01
  -3.5569600e-01
  -3.5172500e-01
  -3.4897600e-01
  -3.4738300e-01
  -3.6579900e-01
  -4.4132000e-01
  -4.3498200e-01
  -4.1531800e-01
  -3.7666400e-01
  -3.7452500e-01
  -3.6428400e-01
  -3.6044000e-01
  -3.5624600e-01
  -3.5214000e-01
  -4.5654200e-01
  -4.4685200e-01
  -4.2789300e-01
  -3.9023500e-01
  -3.9036000e-01
  -3.7498100e-01
  -4.6755500e-01
  -4.6165100e-01
  -4.4895200e-01
  -4.3375800e-01
  -4.3499300e-01
  -4.3237900e-01
  -4.2568800e-01
  -4.4278400e-01
  -4.6396400e-01
  -4.5108500e-01
  -4.7708000e-01
   3.7871000e-02
   5.6853000e-02
   3.7675000e-02
   5.8422000e-02
   4.7379000e-02
  -2.4170000e-03
  -2.0750000e-03
  -2.0670000e-03
  -4.3413000e-02
   1.5860000e-02
   7.1158000e-02
   6.7880000e-02
   7.2347000e-02
   5.6633000e-02
   7.5981000e-02
   9.5938000e-02
   8.5689000e-02
   7.9955000e-02
   3.8311000e-02
   3.7592000e-02
   4.1258000e-02
  -3.4420700e-01
  -3.6889900e-01
  -3.6750500e-01
  -3.6441800e-01
   2.0702000e-02
   5.8690000e-03
   6.7320000e-03
   7.2510000e-03
   4.7510000e-03
   8.2800000e-04
  -3.4057000e-01
  -3.3773900e-01
  -2.0586000e-02
  -3.4281400e-01
  -3.5870600e-01
  -3.3928000e-01
  -3.4604200e-01
  -3.3942000e-01
  -4.0295000e-02
  -3.4002400e-01
  -3.4146800e-01
  -3.4520000e-03
  -3.5989700e-01
  -3.5524000e-01
  -4.0863000e-02
  -4.8038000e-02
  -4.5654000e-02
  -6.3990000e-02
  -1.7128000e-02
  -5.7428000e-02
  -4.5064000e-02
  -3.0940000e-02
  -5.2907000e-02
  -2.1776000e-02
  -5.7863000e-02
  -5.7363000e-02
  -5.8376000e-02
  -5.9138000e-02
  -5.3722000e-02
  -6.5913000e-02
  -9.2570000e-03
  -5.4965000e-02
  -5.5236000e-02
  -3.6339000e-02
  -5.2771000e-02
  -5.9840000e-02
  -8.9844000e-02
  -4.8105000e-02
  -5.8487000e-02
  -5.6859000e-02
  -8.8975000e-02
  -4.8291000e-02
   2.7207000e-02
   3.2777000e-02
  -4.9110000e-02
  -3.1146000e-02
   9.7070000e-02
   7.5022000e-02
  -3.8446000e-02
   1.4629900e-01
   7.5972000e-02
  -3.0348000e-02
   1.1401500e-01
   9.3452000e-02
   1.1024900e-01
  -3.9137000e-02
  -3.9559000e-02
  -4.2993000e-02
  -5.2918000e-02
  -6.0819000e-02
  -6.4883000e-02
  -6.8751000e-02
  -6.7171000e-02
  -6.5993000e-02
  -6.3460000e-02
  -4.2921200e-01
  -4.2763200e-01
  -6.6878000e-02
  -6.7203000e-02
  -6.6091000e-02
  -6.7595000e-02
  -6.4093000e-02
   1.6917000e-01
  -5.7538400e-01
  -2.0411000e-02
  -4.1908000e-02
  -4.8104200e-01
  -6.0001500e-01
  -6.3121800e-01
   7.3035000e-02
  -6.3996700e-01
   8.7138000e-02
   8.2148000e-02
   7.6073000e-02
   1.5321400e-01
   1.1000100e-01
   1.1384600e-01
   1.1174100e-01
   8.4332000e-02
   7.3773000e-02
  -7.8631000e-02
   2.1140000e-01
  -1.0864600e-01
  -1.0887900e-01
   2.2576300e-01
  -4.6203000e-02
  -4.6607000e-02
  -4.8922000e-02
   2.0672500e-01
   3.8152000e-02
   2.8518000e-01
   3.9328000e-02
   2.8734200e-01
   2.8730800e-01
   2.6903700e-01
   5.3297000e-02
  -9.4272000e-02
   1.1666900e-01
  -7.8552000e-02
  -9.0471000e-02
  -8.1111000e-02
   2.2406800e-01
  -7.9084000e-02
  -8.0216000e-02
  -4.4756000e-01
  -4.4069100e-01
   4.8185000e-02
   6.2413000e-02
  -6.1498000e-02
   6.3980000e-02
  -6.4588000e-02
  -6.2100000e-02
  -5.7397000e-02
  -4.4954000e-02
  -6.0550000e-02
  -4.1953000e-02
  -5.5584000e-02
  -4.3617000e-02
  -5.6081000e-02
  -6.6080000e-03
  -5.0011000e-02
   6.2390000e-03
  -6.3820000e-03
   8.7817000e-02
   1.5922000e-02
  -3.3200100e-01
   7.5990000e-02
   5.8316000e-02
  -3.4305500e-01
  -3.2843000e-01
   7.5811000e-02
  -3.4140900e-01
  -3.3353200e-01
  -3.3489200e-01
  -3.5291500e-01
  -3.4896600e-01
  -3.5688600e-01
  -1.5047000e-02
  -3.5697400e-01
  -3.4955500e-01
  -3.4116200e-01
  -3.4611000e-01
  -2.8100000e-03
  -3.5678100e-01
  -3.3548000e-02
  -5.1662000e-02
  -5.1550000e-02
  -5.3163000e-02
  -1.7211000e-02
  -1.4879000e-02
  -4.2385000e-02
  -2.3021000e-02
  -2.2365000e-02
  -2.8931000e-02
  -5.2787000e-02
  -3.2073000e-02
  -7.0637000e-02
  -6.4668000e-02
  -6.5039000e-02
  -5.6807000e-02
  -6.6033000e-02
  -6.5403000e-02
  -5.6395000e-02
  -4.5477000e-02
  -4.6027000e-02
   2.4865000e-02
  -3.6480000e-02
  -5.0908000e-02
   3.6932000e-02
  -4.4367000e-02
   1.0388100e-01
  -4.9691700e-01
  -5.0214300e-01
  -5.0829000e-01
  -5.1401300e-01
  -6.0492000e-02
   1.5571700e-01
  -4.2121000e-01
  -4.6970500e-01
  -4.7182400e-01
  -4.2620000e-02
   2.0094700e-01
   2.1310600e-01
   1.5682800e-01
   1.2704400e-01
   9.7077000e-02
   8.0427000e-02
   8.0278000e-02
   5.6547000e-02
   6.7563000e-02
   4.1522000e-02
   1.8947100e-01
  -2.4813000e-02
  -8.0684000e-02
  -1.0875300e-01
   2.2566200e-01
   1.9155400e-01
   2.4306400e-01
   2.3891400e-01
   2.2982300e-01
   1.2342200e-01
   2.3487900e-01
   2.6472800e-01
   1.1946600e-01
  -8.1190000e-02
  -8.7344000e-02
  -8.8914000e-02
  -9.0640000e-02
  -9.4399000e-02
   2.2524700e-01
  -7.8670000e-02
  -8.0716000e-02
  -4.8588000e-02
  -4.6874800e-01
   2.8477000e-02
   5.9364000e-02
  -5.7532000e-02
  -5.8590000e-02
   1.8431000e-02
   8.3794000e-02
  -3.2686600e-01
   7.7446000e-02
  -3.3586300e-01
   7.4899000e-02
   6.7485000e-02
  -3.4891500e-01
   4.5787000e-02
   3.9373000e-02
   2.0310000e-02
   1.9899000e-02
   1.3138000e-02
  -6.1110000e-03
  -3.6207300e-01
   5.2500000e-04
  -3.6461000e-01
  -2.5948000e-02
  -1.5449000e-02
  -3.7245000e-02
  -1.7595000e-02
  -1.8183000e-02
  -1.6048000e-02
  -5.1997000e-02
  -5.2701000e-02
  -1.9744000e-02
  -1.8065000e-02
  -1.4786000e-02
  -4.0216000e-02
  -2.1653000e-02
  -4.5111000e-02
  -4.7885000e-02
  -2.9542000e-02
  -4.5140000e-02
  -5.4727000e-02
  -5.9008000e-02
  -1.9060000e-02
  -1.4323000e-02
  -3.2305000e-02
  -4.2307000e-02
  -6.4163000e-02
  -6.0933000e-02
  -3.9037000e-02
  -4.1181000e-02
  -8.4700000e-04
  -4.4561500e-01
  -4.5290600e-01
  -4.6214300e-01
  -4.6163500e-01
   2.5689000e-02
  -4.5151800e-01
  -4.5934800e-01
  -4.6786900e-01
  -4.7554800e-01
   2.9249000e-02
  -4.7522500e-01
  -4.8510300e-01
   5.9262000e-02
  -4.0967000e-02
  -4.8660700e-01
   1.3367900e-01
  -5.0041900e-01
  -5.2081700e-01
  -5.0862000e-01
  -5.2608900e-01
  -6.5312000e-02
  -6.1177000e-02
  -4.5252300e-01
  -5.9853000e-01
  -6.0529000e-02
  -6.0769500e-01
  -4.1589000e-02
  -6.0136200e-01
  -6.2756300e-01
   1.4144300e-01
   1.0784300e-01
  -6.1667500e-01
  -6.4223200e-01
   1.9962200e-01
   1.4909000e-01
   1.0043400e-01
  -6.5687300e-01
   2.0222500e-01
   6.5481000e-02
   3.3994000e-02
  -6.2841500e-01
  -6.7136200e-01
   2.2593800e-01
   1.4394800e-01
   3.5621000e-02
  -3.8945000e-02
   2.2899300e-01
   1.4072300e-01
   9.8857000e-02
   1.0034100e-01
  -6.5849400e-01
   9.8510000e-02
  -8.1249000e-02
  -8.5690000e-02
  -6.7981700e-01
   4.0197000e-02
  -5.9325000e-02
  -1.5685600e-01
  -2.2650000e-03
  -1.2796400e-01
  -1.0595100e-01
   1.1200000e-03
  -4.6082000e-02
  -4.2684000e-02
  -4.5520000e-02
  -6.3532000e-02
  -5.4920000e-02
  -3.0224000e-02
  -6.2596000e-02
  -6.8053000e-02
  -3.2461000e-02
  -2.6721600e-01
  -2.8186400e-01
  -2.8425400e-01
  -2.8326200e-01
  -2.7934200e-01
  -6.2078000e-02
  -6.5641000e-02
  -2.6685300e-01
  -2.9207600e-01
  -2.9772500e-01
  -3.0553500e-01
  -5.5922000e-02
  -6.1152000e-02
  -5.9637000e-02
  -5.3743000e-02
  -3.3114100e-01
  -7.2785000e-02
  -4.8469000e-02
  -5.4172000e-02
  -3.5656200e-01
  -5.2509000e-02
  -5.5205000e-02
  -4.7865000e-02
  -6.4519000e-02
  -5.6098000e-02
  -3.8791000e-01
  -5.7363000e-02
  -5.7176000e-02
  -3.0054000e-02
  -4.3045700e-01
  -5.6287000e-02
   1.0029300e-01
   2.7982000e-02
  -3.5444000e-02
  -5.7912000e-02
   9.4897000e-02
  -2.5001000e-02
  -5.6086000e-02
   1.0347800e-01
  -5.4089000e-02
  -5.9524000e-02
  -6.2326000e-02
  -4.4514500e-01
  -4.7203200e-01
   1.0836000e-02
  -6.2966000e-02
  -6.1259000e-02
  -4.4197800e-01
  -4.6141400e-01
  -4.7410000e-02
  -6.4136000e-02
  -6.1746000e-02
  -3.5457400e-01
   4.8391000e-02
  -9.0735000e-02
  -9.2557000e-02
  -8.2087000e-02
  -3.4517100e-01
  -3.5027300e-01
  -4.4845600e-01
   9.9970000e-03
   6.9610000e-03
  -8.8847000e-02
  -3.5334200e-01
  -1.5920000e-02
  -6.0000000e-06
  -1.0427500e-01
  -4.4716900e-01
  -4.6277900e-01
  -1.2766000e-02
  -3.7339000e-02
  -9.3615000e-02
  -8.8948000e-02
  -9.2041000e-02
  -9.3928000e-02
  -8.9014000e-02
  -4.5931000e-01
  -1.7922000e-02
  -4.3813000e-02
  -5.6146000e-02
  -9.4764000e-02
  -1.0337500e-01
  -4.7606200e-01
  -4.1685000e-02
  -4.3487000e-02
  -1.0512900e-01
  -9.5245000e-02
  -4.9760000e-01
  -1.0890000e-02
  -3.0314000e-02
  -1.0439500e-01
  -1.1535500e-01
  -2.8740000e-03
  -2.8289000e-02
  -5.0485000e-02
  -9.8445000e-02
  -1.0349300e-01
  -1.2225600e-01
  -4.6515800e-01
   2.6140000e-03
  -2.4746000e-02
  -3.7398000e-02
  -1.0131600e-01
  -4.8812300e-01
  -5.3719700e-01
  -5.5251900e-01
  -1.2272500e-01
  -4.9956700e-01
  -5.2763500e-01
  -5.5860100e-01
  -5.8534800e-01
  -6.8381000e-02
  -1.1660800e-01
  -4.6363800e-01
  -5.8018500e-01
  -6.1951300e-01
  -6.8200000e-02
  -1.2689500e-01
  -6.5172400e-01
  -5.8234000e-02
  -6.9774100e-01
   4.7545000e-02
  -3.9732000e-02
  -5.9783000e-02
  -7.2862100e-01
  -3.9460000e-02
  -7.6604000e-02
  -5.6332000e-01
  -5.9676600e-01
   1.1202400e-01
   6.3362000e-02
  -4.3275000e-02
  -1.0743500e-01
  -5.6403000e-01
  -6.0484300e-01
   6.6063000e-02
  -4.4352500e-01
  -5.1673300e-01
  -7.3125000e-02
  -6.2659000e-02
  -3.7823000e-02
  -2.1308000e-02
  -4.1686000e-02
   6.9730000e-03
   9.5390000e-03
  -1.7415600e-01
  -1.7873200e-01
  -1.7204900e-01
  -5.6419000e-02
  -5.0531000e-02
  -1.4589900e-01
  -1.0971200e-01
  -1.6591000e-01
  -5.4747000e-02
  -3.0105000e-02
  -2.6228000e-02
  -5.3158000e-02
  -2.8615000e-01
  -6.3260000e-02
  -2.9121300e-01
  -3.1201500e-01
  -3.2263500e-01
  -6.0774000e-02
  -5.4363000e-02
  -3.6893500e-01
  -3.8019000e-02
  -5.0435000e-02
  -5.4909000e-02
  -6.1154000e-02
  -6.0746000e-02
  -5.7987000e-02
  -4.7889000e-02
  -3.8238000e-02
  -4.2000300e-01
  -1.1309000e-02
  -5.2575000e-02
  -7.1763000e-02
  -6.8908000e-02
  -7.5940000e-02
  -6.9643000e-02
  -5.2565000e-02
  -5.0422000e-02
  -3.2617600e-01
  -3.3992100e-01
  -4.5273300e-01
  -5.5030000e-03
  -7.2440000e-02
  -5.9345000e-02
  -3.4524300e-01
  -3.5549100e-01
   5.3785000e-02
  -7.5209000e-02
  -6.5690000e-02
  -3.3657800e-01
  -3.8449800e-01
  -4.1359400e-01
  -4.4275000e-01
  -9.2416000e-02
  -8.3258000e-02
  -3.6410500e-01
  -4.0522200e-01
  -4.2606100e-01
  -9.0291000e-02
  -9.5813000e-02
  -9.0094000e-02
  -4.2883700e-01
  -6.3037000e-02
  -9.7491000e-02
  -4.6212300e-01
  -6.8562000e-02
  -1.0872900e-01
  -1.1634900e-01
  -4.5392300e-01
  -5.0827600e-01
  -1.0911500e-01
  -4.7403800e-01
   8.7643000e-02
   1.0196000e-02
  -1.2368200e-01
  -4.9535000e-01
  -5.3934800e-01
   8.7590000e-02
  -1.5300000e-04
  -7.7204000e-02
  -9.1586000e-02
  -1.2959500e-01
  -4.8453400e-01
  -5.1450500e-01
  -5.8000000e-01
  -1.3566000e-02
  -8.2435000e-02
  -9.5680000e-02
  -5.2960000e-01
  -6.7685900e-01
  -9.3668000e-02
  -9.7374000e-02
  -5.3285800e-01
  -6.2243100e-01
  -2.2006000e-02
   4.2720000e-03
   1.8165000e-02
   3.2184000e-02
  -1.7636200e-01
  -1.5819500e-01
  -1.3178600e-01
  -9.6895000e-02
  -6.9202000e-02
  -2.8631000e-02
  -2.1831000e-02
  -2.9320000e-03
  -2.0673900e-01
  -1.9542400e-01
  -1.9506300e-01
  -1.9252900e-01
  -1.8050400e-01
  -1.5879900e-01
  -1.1431700e-01
  -7.4786000e-02
  -5.0822000e-02
  -3.5877000e-02
  -2.9040000e-02
  -1.5208000e-02
  -5.5200000e-03
   3.3000000e-03
   1.3223000e-02
  -2.2510400e-01
  -2.1646300e-01
  -2.2005000e-01
  -2.1852000e-01
  -2.1860800e-01
  -1.9770500e-01
  -7.1843000e-02
  -5.4443000e-02
  -4.4283000e-02
  -3.6402000e-02
  -2.6037000e-02
  -1.7041000e-02
  -7.3300000e-03
  -1.5790000e-03
  -2.3973900e-01
  -2.3727100e-01
  -2.4232800e-01
  -2.4786900e-01
  -2.5829400e-01
  -2.5218400e-01
  -6.6820000e-02
  -6.0982000e-02
  -4.2622000e-02
  -3.7640000e-02
  -2.4254000e-02
  -1.5028000e-02
  -3.6040000e-03
  -2.5963300e-01
  -2.5989000e-01
  -2.6556400e-01
  -2.8012800e-01
  -6.0154000e-02
  -5.4020000e-02
  -4.9147000e-02
  -3.8480000e-02
  -2.9173000e-02
  -2.0565000e-02
  -2.8095700e-01
  -2.8435100e-01
  -2.9060400e-01
  -3.0821600e-01
  -3.3210100e-01
  -6.3310000e-02
  -5.1175000e-02
  -2.9829400e-01
  -3.0557700e-01
  -3.1540500e-01
  -3.7818100e-01
  -5.3485000e-02
  -6.9878000e-02
  -8.5227000e-02
  -7.9902000e-02
  -7.8870000e-02
  -3.1561700e-01
  -3.2957900e-01
  -3.7860700e-01
  -4.4743000e-02
  -6.4539000e-02
  -8.5160000e-02
  -8.7914000e-02
  -9.4646000e-02
  -7.3839000e-02
  -3.3385900e-01
  -3.5648600e-01
  -3.8084500e-01
  -4.1366100e-01
  -7.7092000e-02
  -9.5941000e-02
  -1.0642600e-01
  -1.0296100e-01
  -9.5442000e-02
  -3.5217400e-01
  -3.7892900e-01
  -4.1583400e-01
  -7.8687000e-02
  -9.4150000e-02
  -1.1636700e-01
  -1.2035400e-01
  -1.1747500e-01
  -3.6821200e-01
  -3.9508600e-01
  -1.0990200e-01
  -1.3015200e-01
  -1.2891700e-01
  -1.2933300e-01
  -3.7621400e-01
  -4.0880300e-01
  -4.7892500e-01
  -3.8190200e-01
  -4.1110200e-01
  -4.8784500e-01
  -4.8671500e-01
  -4.8002500e-01
  -4.6621100e-01
  -4.6104800e-01
  -5.8341900e-01
  -5.7544700e-01
  -7.4126900e-01
  -7.3537000e-01
  -5.9262700e-01
  -6.1169400e-01
  -6.5405900e-01
  -6.3385500e-01
  -6.5122300e-01
  -6.2314500e-01
  -7.8889900e-01
  -7.8727700e-01
  -3.9357300e-01
  -3.5902800e-01
  -3.9068000e-01
  -3.6111500e-01
  -4.7088200e-01
  -4.6208700e-01
  -4.7105900e-01
  -5.6452700e-01
  -5.5288700e-01
  -4.7210700e-01
  -4.6382400e-01
  -7.2973900e-01
  -7.1746500e-01
  -6.9374600e-01
  -4.6510600e-01
  -4.6366500e-01
  -4.7168800e-01
  -4.6048700e-01
  -6.1988600e-01
  -7.9396700e-01
  -3.4907500e-01
  -3.3824600e-01
  -4.8891500e-01
  -4.5243500e-01
  -4.3993200e-01
  -4.2515200e-01
  -5.3350000e-01
  -5.0954500e-01
  -4.8891200e-01
  -4.5399200e-01
  -4.4376000e-01
  -4.3320500e-01
  -6.7223500e-01
  -6.4386200e-01
  -6.1378500e-01
  -5.8360900e-01
  -5.5675600e-01
  -5.3272300e-01
  -5.0946100e-01
  -4.8886100e-01
  -4.6680900e-01
  -4.5246000e-01
  -4.4103700e-01
  -4.3968900e-01
  -7.8718400e-01
  -7.5743600e-01
  -7.3280500e-01
  -7.0295100e-01
  -6.7190200e-01
  -6.4455100e-01
  -6.1156600e-01
  -5.8444800e-01
  -5.5733800e-01
  -5.3103100e-01
  -5.0978500e-01
  -4.8839000e-01
  -4.4947300e-01
  -4.3892100e-01
  -4.4173800e-01
  -7.8824300e-01
  -7.5909400e-01
  -7.3200700e-01
  -7.0542300e-01
  -6.7244000e-01
  -6.4247200e-01
  -6.1148000e-01
  -5.8561000e-01
  -5.5721400e-01
  -5.3295500e-01
  -5.0919300e-01
  -4.8557100e-01
  -4.6336400e-01
  -4.4678600e-01
  -4.3448300e-01
  -4.3639000e-01
  -7.9173100e-01
  -7.6059100e-01
  -7.3365900e-01
  -7.0635900e-01
  -6.7303600e-01
  -6.4147700e-01
  -6.1285200e-01
  -5.6024500e-01
  -5.3361700e-01
  -5.0650000e-01
  -4.8314900e-01
  -4.6142400e-01
  -4.4241700e-01
  -4.2634500e-01
  -4.3161400e-01
  -7.9390100e-01
  -7.6342900e-01
  -7.3452600e-01
  -7.0295400e-01
  -6.7239600e-01
  -6.4262200e-01
  -5.6215000e-01
  -5.3149600e-01
  -5.0268400e-01
  -4.7843800e-01
  -4.5658200e-01
  -4.3711700e-01
  -4.1938400e-01
  -4.2169300e-01
  -7.9805100e-01
  -7.6433100e-01
  -7.3378200e-01
  -7.0287500e-01
  -6.7228400e-01
  -5.6087300e-01
  -5.3246100e-01
  -5.0327400e-01
  -4.7639100e-01
  -4.5362200e-01
  -4.3038600e-01
  -4.1460900e-01
  -4.0711100e-01
  -7.9964900e-01
  -7.6553700e-01
  -7.3612500e-01
  -7.0411100e-01
  -6.7474300e-01
  -6.4416600e-01
  -6.1565300e-01
  -5.8511200e-01
  -5.5958000e-01
  -5.3715000e-01
  -5.0655500e-01
  -4.7652400e-01
  -4.5031500e-01
  -4.2416700e-01
  -4.0325100e-01
  -3.9246100e-01
  -8.0182200e-01
  -7.6867500e-01
  -7.3800500e-01
  -7.0644200e-01
  -6.7557700e-01
  -6.4598700e-01
  -6.1633400e-01
  -5.8637500e-01
  -5.5992800e-01
  -5.3538100e-01
  -5.0765600e-01
  -4.7614600e-01
  -4.4505000e-01
  -4.1677300e-01
  -3.9273200e-01
  -3.7866800e-01
  -7.7140800e-01
  -7.3890900e-01
  -7.0857100e-01
  -6.7583900e-01
  -6.4619500e-01
  -6.1806300e-01
  -5.9010600e-01
  -5.6250200e-01
  -5.3673600e-01
  -5.0864600e-01
  -4.7649300e-01
  -4.4347600e-01
  -4.1313800e-01
  -3.8400900e-01
  -3.6046400e-01
  -7.7089000e-01
  -7.4131300e-01
  -7.0901400e-01
  -6.7647100e-01
  -6.4916100e-01
  -6.2250400e-01
  -5.9424400e-01
  -5.6577600e-01
  -5.3847700e-01
  -5.0865200e-01
  -4.7536000e-01
  -4.4047000e-01
  -4.0995500e-01
  -3.4768700e-01
  -7.7321800e-01
  -7.4361200e-01
  -7.1139600e-01
  -6.7950500e-01
  -6.5080100e-01
  -6.2389100e-01
  -5.9471000e-01
  -5.6908400e-01
  -5.3877600e-01
  -5.0921800e-01
  -4.7748800e-01
  -4.4419900e-01
  -4.1251300e-01
  -7.7442100e-01
  -7.4493100e-01
  -7.1439100e-01
  -6.8122000e-01
  -6.5258800e-01
  -6.2503700e-01
  -5.9819900e-01
  -5.7143000e-01
  -5.4043000e-01
  -5.0952000e-01
  -8.8926700e-01
  -7.0128700e-01
  -6.9688400e-01
  -7.2903100e-01
  -7.3420300e-01
  -8.5343500e-01
  -9.4665700e-01
  -8.3282000e-01
  -7.3797600e-01
  -7.5468900e-01
  -7.6295500e-01
  -7.6217800e-01
  -7.8387800e-01
  -9.2234300e-01
  -8.4610800e-01
  -8.7562600e-01
  -8.4930200e-01
  -8.7341000e-01
  -8.0743600e-01
  -8.3041600e-01
  -8.0936800e-01
  -8.2622800e-01
  -9.3814300e-01
  -1.0435390e+00
  -1.0664110e+00
  -1.0502110e+00
  -1.0819880e+00
  -1.1291990e+00
  -1.1307270e+00
  -6.7164600e-01
  -7.2326900e-01
  -9.4006500e-01
  -6.6276400e-01
  -8.8721900e-01
  -8.9690900e-01
  -7.1031700e-01
  -7.3804100e-01
  -8.6065000e-01
  -7.3571300e-01
  -7.1576700e-01
  -8.6349300e-01
  -6.5662400e-01
  -7.1750400e-01
  -7.9887900e-01
  -6.6145100e-01
  -7.2521300e-01
  -8.0893800e-01
  -7.3293000e-01
  -7.0835400e-01
  -7.1896200e-01
  -7.1465700e-01
  -7.1247400e-01
  -7.0839400e-01
  -5.4578600e-01
  -5.0803800e-01
  -5.0835000e-01
  -5.0684700e-01
  -5.0755200e-01
  -5.7802700e-01
  -5.1682400e-01
  -4.9254600e-01
  -3.3785600e-01
  -8.7330100e-01
  -9.0913800e-01
  -8.2847100e-01
  -7.1714600e-01
  -7.0955200e-01
  -7.1829800e-01
  -7.4057600e-01
  -8.2397200e-01
  -7.2925500e-01
  -7.4749500e-01
  -8.2044400e-01
  -9.3965800e-01
  -7.2847200e-01
  -9.5715000e-01
  -7.7878100e-01
  -9.6599900e-01
  -9.6530700e-01
  -7.1630000e-01
  -7.3306500e-01
  -9.6552600e-01
  -7.0104300e-01
  -7.1733800e-01
  -8.2103700e-01
  -8.6318000e-01
  -8.9727900e-01
  -8.2854700e-01
  -8.4922300e-01
  -8.4642700e-01
  -8.7990800e-01
  -8.6161300e-01
  -8.9090500e-01
  -1.0468680e+00
  -1.0813290e+00
  -8.4092000e-01
  -8.8940600e-01
  -8.4893000e-01
  -8.9228500e-01
  -1.0718910e+00
  -1.0794190e+00
  -7.8571400e-01
  -8.4098300e-01
  -1.0875150e+00
  -7.8581600e-01
  -8.3696700e-01
  -1.0866480e+00
  -9.7397600e-01
  -1.0192110e+00
  -1.0895230e+00
  -9.6390600e-01
  -1.0120640e+00
  -9.7405000e-01
  -1.0037420e+00
  -9.4896300e-01
  -7.1317900e-01
  -8.0555300e-01
  -8.3649500e-01
  -7.1447400e-01
  -8.6821500e-01
  -7.0781800e-01
  -6.6078000e-01
  -7.2950200e-01
  -7.9730100e-01
  -7.9303900e-01
  -7.2441100e-01
  -7.1804200e-01
  -7.0176800e-01
  -7.0279500e-01
  -7.0434100e-01
  -6.2952100e-01
  -6.0407300e-01
  -8.2598500e-01
  -8.4770600e-01
  -8.6632700e-01
  -6.4304400e-01
  -6.7868300e-01
  -8.6660700e-01
  -6.4482200e-01
  -6.7838700e-01
  -7.8593400e-01
  -8.9446600e-01
  -7.8439800e-01
  -7.5827200e-01
  -6.7384800e-01
  -7.7471000e-01
  -6.8143800e-01
  -7.2349400e-01
  -7.7964500e-01
  -8.9729100e-01
  -8.2922300e-01
  -9.0943100e-01
  -9.8282100e-01
  -8.3928600e-01
  -9.2398500e-01
  -9.9649300e-01
  -8.5126900e-01
  -9.3814500e-01
  -1.0160780e+00
  -9.5793500e-01
  -1.0422800e+00
  -8.9286000e-01
  -9.7745700e-01
  -9.0086600e-01
  -9.9741600e-01
  -1.1072560e+00
  -9.2412100e-01
  -1.0278260e+00
  -9.4069700e-01
  -1.0585620e+00
  -7.8839600e-01
  -8.5818000e-01
  -9.5930700e-01
  -1.0844570e+00
  -7.9367800e-01
  -9.7539200e-01
  -1.1052090e+00
  -9.8609000e-01
  -1.0000340e+00
  -1.1206030e+00
  -9.0311500e-01
  -1.0045940e+00
  -8.0987000e-01
  -8.9788100e-01
  -6.9729900e-01
  -6.7483800e-01
  -7.4585800e-01
  -6.6542000e-01
  -7.4199000e-01
  -8.2354600e-01
  -7.4834500e-01
  -6.6152100e-01
  -7.4165400e-01
  -7.2049000e-01
  -5.2608600e-01
  -4.7239100e-01
  -4.6591100e-01
  -5.1895700e-01
  -4.4154700e-01
  -4.7026500e-01
  -4.1311300e-01
  -5.1662900e-01
  -5.2854400e-01
  -5.0688400e-01
  -5.3195600e-01
  -5.2073900e-01
  -5.5300300e-01
  -6.0558900e-01
  -6.3309100e-01
  -6.5693400e-01
  -6.8652600e-01
  -7.2626300e-01
  -7.6213400e-01
  -6.4007900e-01
  -6.9043000e-01
  -7.7878300e-01
  -6.4474100e-01
  -7.0947100e-01
  -8.0084000e-01
  -8.2613000e-01
  -7.0532000e-01
  -7.8326200e-01
  -7.3836500e-01
  -8.2074400e-01
  -7.7388700e-01
  -8.0935000e-01
  -6.8444100e-01
  -7.1685600e-01
  -8.2263000e-01
  -9.5860200e-01
  -7.3722000e-01
  -8.4217000e-01
  -9.9879500e-01
  -7.5488400e-01
  -7.7083200e-01
  -7.8901300e-01
  -6.1213400e-01
  -6.9809400e-01
  -8.0883500e-01
  -6.1708100e-01
  -7.0690800e-01
  -8.5091800e-01
  -4.8867300e-01
  -5.4555400e-01
  -6.1707700e-01
  -8.6808700e-01
  -4.8054800e-01
  -5.4429400e-01
  -6.0770900e-01
  -6.0175800e-01
  -5.7924400e-01
  -5.3206500e-01
  -4.4077200e-01
  -4.4824300e-01
  -3.3024500e-01
  -3.2537400e-01
  -3.2153300e-01
  -4.7935000e-01
  -5.5140700e-01
  -4.0847900e-01
  -4.0515500e-01
  -4.0717700e-01
  -4.2145600e-01
  -4.4596400e-01
  -4.9064700e-01
  -5.4261100e-01
  -4.8462000e-01
  -5.0315800e-01
  -4.6263600e-01
  -4.9208600e-01
  -4.9170300e-01
  -5.2446400e-01
  -5.7572200e-01
  -5.7141900e-01
  -6.1025000e-01
  -6.4735900e-01
  -7.0899200e-01
  -5.6521500e-01
  -6.4518200e-01
  -5.8430300e-01
  -6.7856200e-01
  -4.7854000e-01
  -5.2356000e-01
  -5.9643000e-01
  -4.7542800e-01
  -5.2536000e-01
  -6.1043300e-01
  -4.6964600e-01
  -5.2736500e-01
  -6.2863000e-01
  -4.6610200e-01
  -5.2715100e-01
  -6.4604700e-01
  -4.6010300e-01
  -5.2577200e-01
  -4.5420000e-01
  -5.2490300e-01
  -6.5374800e-01
  -4.4302800e-01
  -4.2951200e-01
  -5.0959900e-01
  -4.0226000e-01
  -4.7927900e-01
  -3.7963500e-01
  -4.5216300e-01
  -3.5414900e-01
  -4.1772800e-01
  -4.1780700e-01
  -4.2242100e-01
  -4.5366300e-01
  -4.3071300e-01
  -4.3556300e-01
  -4.5138200e-01
  -4.4163000e-01
  -4.6073100e-01
  -5.0338100e-01
  -4.4865400e-01
  -4.7761400e-01
  -5.4895500e-01
  -4.4926500e-01
  -4.8692900e-01
  -5.7368000e-01
  -4.4535800e-01
  -4.9463800e-01
  -4.3819400e-01
  -4.2431600e-01
  -4.1007900e-01
  -3.9188900e-01
  -3.6007900e-01
  -3.3132400e-01
   1.9678500e-01
   1.9692900e-01
   1.7056900e-01
   1.5649000e-01
   1.6484400e-01
   1.7093600e-01
   1.9557400e-01
   1.9217900e-01
   2.6740400e-01
   2.5441200e-01
   2.0379500e-01
   1.9474400e-01
   2.3608500e-01
   1.9962300e-01
   2.4123300e-01
   2.2045500e-01
   2.4654800e-01
   1.6929100e-01
   1.5171000e-01
   1.4028700e-01
   2.6666700e-01
   7.5878000e-02
   2.6027100e-01
   2.2562200e-01
   1.1582300e-01
   7.6677000e-02
   3.0660600e-01
   2.8284300e-01
   1.0955100e-01
   6.7186000e-02
   2.9633500e-01
   2.6508400e-01
   1.1334500e-01
   6.7390000e-02
   3.2084000e-02
   2.8806000e-02
   6.1105000e-02
   6.7522000e-02
   2.5947300e-01
   2.3264500e-01
   2.0004400e-01
   1.8643400e-01
   2.6906000e-01
   2.4260700e-01
   2.1326400e-01
   1.7937600e-01
   2.2870700e-01
   1.9427500e-01
   2.2729100e-01
   2.1260000e-01
   3.5062400e-01
   3.6953500e-01
   3.0844000e-01
   2.9515700e-01
   3.1994500e-01
   2.9231800e-01
   2.0586700e-01
   2.0184900e-01
   3.0470600e-01
   2.6561300e-01
   3.0189300e-01
   2.7276500e-01
   3.0017400e-01
   2.7538600e-01
   2.9959500e-01
   2.7378300e-01
   4.1307100e-01
   3.8193500e-01
   4.1596400e-01
   3.8465800e-01
   3.8698500e-01
   3.5021000e-01
   3.9225600e-01
   3.4001500e-01
   6.9671100e-01
   6.9843700e-01
   6.1903500e-01
   4.7080900e-01
   4.6460000e-01
   5.0423200e-01
   4.9695800e-01
   4.4084500e-01
   4.8521100e-01
   4.2456600e-01
   4.4287000e-02
  -1.4891200e-01
  -1.5173100e-01
  -1.6350000e-01
  -1.6365000e-01
  -1.5973700e-01
  -8.0964000e-02
  -8.5026000e-02
  -1.5029600e-01
  -9.4189000e-02
  -1.0308700e-01
  -1.0298100e-01
  -1.0299100e-01
   1.0785400e-01
   1.6952200e-01
   1.7058100e-01
   1.7933800e-01
   1.8067500e-01
   1.8860800e-01
   1.6455200e-01
   2.4385600e-01
   2.5486300e-01
   1.9426100e-01
   2.6132100e-01
   1.9500400e-01
   2.6701400e-01
   1.8022600e-01
   2.6730000e-01
   2.8884700e-01
   1.2365900e-01
   2.3166900e-01
   1.2848300e-01
   3.4193000e-02
   3.3278000e-02
   3.3311000e-02
   3.4916300e-01
   2.5389000e-02
   3.4080400e-01
   4.8736000e-02
   2.9559000e-02
   3.3894400e-01
   3.3640700e-01
   3.3329700e-01
   3.0375500e-01
   1.6579200e-01
   3.3317500e-01
   3.0713300e-01
   2.6151500e-01
   1.6320200e-01
   3.3083800e-01
   2.1231000e-01
   1.6244200e-01
   3.8098700e-01
   3.3663200e-01
   2.0803800e-01
   1.6237300e-01
   3.0232500e-01
   2.4781600e-01
   2.9991700e-01
   2.4893000e-01
   2.4184100e-01
   2.1014000e-01
   1.5316300e-01
   3.0340100e-01
   2.4721200e-01
   1.6263000e-01
   2.4030900e-01
   2.3639700e-01
   3.6511100e-01
   4.0227700e-01
   3.6017300e-01
   4.4371200e-01
   4.4947100e-01
   4.5535600e-01
   4.6464200e-01
   3.2470200e-01
   3.8832000e-01
   3.2649100e-01
   4.7479900e-01
   4.2964500e-01
   4.7431400e-01
   4.2639500e-01
   6.9373600e-01
   5.6176300e-01
   4.5780600e-01
   6.8429000e-02
   6.4361000e-02
   3.9749000e-02
   6.1081000e-02
   2.8678000e-02
   5.9481000e-02
   2.0616000e-02
  -1.4434200e-01
  -1.4882100e-01
  -1.4560200e-01
  -1.6396500e-01
  -1.5973100e-01
   1.4142500e-01
   1.0454500e-01
   9.6162000e-02
   1.3923800e-01
   1.4295500e-01
   1.3381600e-01
   1.4248200e-01
   1.5381800e-01
   1.4897700e-01
   1.0818500e-01
   8.4196000e-02
   4.3357000e-02
   1.9188000e-02
   1.6756100e-01
   7.3357000e-02
   4.9634000e-02
   2.3144000e-02
   2.5879100e-01
   1.7550900e-01
   6.0838000e-02
   2.7510300e-01
   1.8231200e-01
   5.6109000e-02
   2.7835000e-01
   1.8448600e-01
   2.7599600e-01
   3.5559100e-01
   1.8453300e-01
   2.6703000e-01
   1.8891600e-01
   1.9001400e-01
   2.6083800e-01
   1.8900200e-01
   3.2601900e-01
   3.8608600e-01
   3.2805200e-01
   3.9829000e-01
   3.2578400e-01
   4.9325400e-01
   4.0711500e-01
   3.2728500e-01
   5.1681400e-01
   5.3369800e-01
   4.4671000e-01
   3.5475200e-01
   4.5338400e-01
   4.5464600e-01
   3.6393200e-01
   3.5898600e-01
   7.0631800e-01
   6.6229300e-01
   6.1504300e-01
   3.8852700e-01
   2.1856200e-01
  -1.4174300e-01
  -1.6654700e-01
  -1.6521300e-01
  -1.6191100e-01
   1.6865300e-01
  -9.0236000e-02
  -6.0044000e-02
  -7.7837000e-02
  -9.6034000e-02
   7.8992000e-02
   3.2108000e-02
   6.1095000e-02
   4.2694000e-02
   1.6398000e-02
  -1.4408000e-02
  -3.1322000e-02
  -4.6967000e-02
  -6.9898000e-02
  -6.4588000e-02
  -5.1251000e-02
  -6.7184000e-02
  -3.9047000e-02
  -5.4881000e-02
   5.3608000e-02
  -7.0190000e-03
   9.7047000e-02
   7.2850000e-03
   1.5850200e-01
   8.4995000e-02
   1.8482000e-02
   1.5649100e-01
   8.0747000e-02
   2.5608000e-02
   8.9695000e-02
   3.2692000e-02
   1.5193400e-01
   9.8219000e-02
   3.8384000e-02
   9.7616000e-02
   3.1109000e-02
   1.0612100e-01
   1.1195800e-01
   4.9061000e-02
   1.0893400e-01
   4.9388000e-02
   3.6846400e-01
   1.0990400e-01
   5.0025000e-02
   3.5391800e-01
   1.1730200e-01
   5.4507000e-02
   2.2766900e-01
   1.2679500e-01
   5.9863000e-02
  -2.3581000e-02
   2.3509600e-01
  -8.6028000e-02
   3.8566400e-01
   2.4462600e-01
  -8.4901000e-02
   5.9708600e-01
   2.5209900e-01
   6.0259300e-01
   2.4977700e-01
   5.7549700e-01
   3.8226500e-01
   2.3983200e-01
   5.3076600e-01
   3.5233600e-01
   2.1575200e-01
   4.6861300e-01
   3.0527400e-01
   1.8720300e-01
  -4.4474000e-02
  -3.7043000e-02
   3.9954600e-01
   2.6379500e-01
   1.6289400e-01
   3.3653300e-01
   2.2186600e-01
   1.3499100e-01
   6.4870000e-02
   1.3223000e-02
  -4.5988000e-02
   3.8478900e-01
   2.7182000e-01
   1.7973500e-01
   1.0015100e-01
   5.3871000e-02
  -3.7350000e-03
  -4.6279000e-02
  -4.3730000e-02
   3.1916100e-01
   2.2106800e-01
   1.4231600e-01
   7.0749000e-02
   2.5943700e-01
   1.7591400e-01
   1.0264900e-01
   4.3947000e-02
   6.9737000e-02
   2.0077000e-02
   3.8629000e-02
   2.5460000e-03
   2.0942400e-01
   1.2461900e-01
   6.8006000e-02
   6.2060000e-03
   1.4542000e-02
   4.0869000e-02
   4.5911000e-02
   1.8748600e-01
   1.0309000e-01
   1.7619000e-01
   1.5923600e-01
   2.2736900e-01
   1.3664600e-01
  -8.4258000e-02
   1.9271300e-01
   1.1000900e-01
   1.9731700e-01
   1.7237200e-01
  -2.4221000e-02
  -1.4624000e-01
  -1.6455500e-01
  -9.5667000e-02
  -9.2534000e-02
  -9.1608000e-02
  -8.4690000e-03
  -5.5185000e-02
  -4.3270000e-03
  -4.9680000e-02
   3.5666000e-02
  -2.2271000e-02
  -5.3972000e-02
   3.5479000e-02
  -5.2089000e-02
  -6.6695000e-02
   3.2903000e-02
  -7.1258000e-02
   3.0520000e-02
  -3.1928000e-02
   2.7994000e-02
  -3.6409000e-02
  -2.5848000e-02
  -6.8750000e-03
  -1.0481000e-02
  -4.1920000e-03
   1.0161000e-02
   5.7140000e-03
  -8.1166000e-02
   1.0693600e-01
   1.1184000e-02
  -8.4554000e-02
   1.1401000e-01
   8.8790000e-03
   1.0467600e-01
  -5.0950000e-03
   6.8590000e-02
  -1.8121000e-02
  -2.7241000e-02
  -4.1590000e-02
  -2.9919000e-02
  -7.8370000e-03
  -6.5589000e-02
   1.5885700e-01
  -3.9269000e-02
  -8.8917000e-02
  -6.5990000e-03
  -6.2895000e-02
  -1.0529600e-01
   6.2673000e-02
  -3.9037000e-02
  -8.7290000e-02
  -1.1913500e-01
   2.9970000e-02
  -6.5962000e-02
  -1.1261800e-01
  -1.0875200e-01
  -9.4262000e-02
   9.6433000e-02
  -1.4964000e-02
  -9.8212000e-02
   4.0980000e-02
  -1.2253600e-01
  -7.6592000e-02
  -5.7399000e-02
  -3.5129000e-02
  -1.1029000e-02
   1.4724000e-02
  -7.9109000e-02
  -8.6265000e-02
  -7.5384000e-02
  -5.6472000e-02
  -3.7238000e-02
  -1.2671000e-02
   1.6076000e-02
  -7.5203000e-02
  -8.4425000e-02
  -7.5115000e-02
  -5.9144000e-02
  -3.9793000e-02
  -1.4506000e-02
   1.4789000e-02
  -7.3648000e-02
  -8.1129000e-02
  -8.1011000e-02
  -7.4492000e-02
  -5.9805000e-02
  -4.0570000e-02
  -1.6738000e-02
   1.0434000e-02
  -6.4275000e-02
  -8.0872000e-02
  -8.1492000e-02
  -7.7980000e-02
  -6.0741000e-02
  -4.2482000e-02
  -1.8934000e-02
   4.7300000e-03
   3.4223000e-02
  -6.3272000e-02
  -8.0194000e-02
  -8.7209000e-02
  -8.0230000e-02
  -6.5352000e-02
  -4.6944000e-02
  -2.1356000e-02
   4.4820000e-03
   3.0721000e-02
  -6.1035000e-02
  -8.3093000e-02
  -9.0760000e-02
  -8.7743000e-02
  -7.0071000e-02
  -4.7300000e-02
  -2.5431000e-02
  -7.6000000e-05
   2.5613000e-02
  -5.6392000e-02
  -9.3147000e-02
  -9.9912000e-02
  -8.8569000e-02
  -4.9235000e-02
  -3.0952000e-02
  -1.8020000e-03
   2.4731000e-02
  -6.5138000e-02
  -1.0255500e-01
  -1.0565900e-01
  -9.6820000e-02
  -7.8833000e-02
  -5.4692000e-02
  -3.4126000e-02
  -4.2050000e-03
   2.0000000e-02
  -8.6566000e-02
  -1.0992700e-01
  -1.1173500e-01
  -9.9314000e-02
  -8.0958000e-02
  -5.7944000e-02
  -7.7850000e-03
   1.6614000e-02
   4.9646000e-02
  -1.1116300e-01
  -1.2246200e-01
  -1.1677800e-01
  -1.0289500e-01
  -8.3407000e-02
  -6.0423000e-02
  -3.9196000e-02
  -9.0510000e-03
   1.5237000e-02
   4.5674000e-02
  -1.3256800e-01
  -1.3602400e-01
  -1.2407700e-01
  -1.0713800e-01
  -8.7064000e-02
  -6.3666000e-02
  -3.9637000e-02
  -1.1087000e-02
  -1.3322700e-01
  -1.5465000e-01
  -1.4628400e-01
  -1.2914200e-01
