BILL       BHZ    4.2889  160 0.50    27.0   54.0
PET        BHZ    3.6063  160 0.50    46.4   52.1
MDJ        BHZ    3.9178  144 0.50    60.4   33.5
TATO       BHZ    6.6834  125 0.50    99.5   31.1
CTAO       BHZ    1.8832  160 0.50   124.8   78.3
WRAB       BHZ    2.7388  160 0.50   133.2   70.6
NWAO       BHZ    1.3289  160 0.50   154.1   73.2
MSEY       BHZ    3.6620  160 0.50   223.5   49.6
LBTB       BHZ    1.1118  160 0.50   233.4   83.6
KMBO       BHZ    1.7605  160 0.50   243.3   59.0
KIEV       BHZ    6.6805  160 0.50   309.4   44.2
KONO       BHZ    3.9667  160 0.50   322.5   54.5
KEV        BHZ    2.6104  160 0.50   335.8   47.3
